105 0.13046875 0.809375 0.0671875 0.23203125
105 0.19765625 0.8234375 0.0265625 0.08203125
105 0.23125 0.81015625 0.0328125 0.09765625
105 0.2671875 0.82109375 0.03359375 0.06328125
105 0.3140625 0.80703125 0.06484375 0.159375
105 0.38046875 0.82734375 0.040625 0.0640625
105 0.60546875 0.82109375 0.02890625 0.09375
105 0.64140625 0.815625 0.03671875 0.15546875
105 0.928125 0.84765625 0.0171875 0.03671875
105 0.971875 0.8359375 0.03203125 0.071875
105 0.7481729453125 0.26120389374999997 0.787214140625 0.262903484375 0.83577741875 0.2119150453125 0.87386633125 0.1660254375 0.879579728125 0.045352825 0.8138762640625 0.036854751562499996 0.718653978125 0.03515513125 0.6129573296874999 0.016459362499999998 0.5434450328125 0.10483933593749999 0.5034516296875 0.21021548750000002 0.5986739140624999 0.3597815296875 0.653902940625 0.39207416875 0.6472372656250001 0.9580458234375 0.7576951734375 0.97504196875 0.7557907562499999 0.720099840625 0.7376984359375001 0.339386140625 0.7300807687499999 0.278200040625 0.7481729453125 0.26120389374999997